0,0xbffbf238,10252,7432
1,0xbffbf238,10252,7432
2,0xbffbf238,10252,7432
3,0xbffbf238,10252,7432
0,0xbffbf238,10253,10252
1,0xbffbf238,10253,10252
2,0xbffbf238,10253,10252
3,0xbffbf238,10253,10252
0,0xbffbf238,10253,10252
1,0xbffbf238,10253,10252
2,0xbffbf238,10253,10252
3,0xbffbf238,10259,1
0,0xbffbf238,10253,10252
1,0xbffbf238,10253,10252
2,0xbffbf238,10257,1
3,0xbffbf238,10257,1
0,0xbffbf238,10252,7432
1,0xbffbf238,10252,7432
2,0xbffbf238,10252,7432
3,0xbffbf238,10258,1
0,0xbffbf238,10253,10252
1,0xbffbf238,10255,1
2,0xbffbf238,10255,1
3,0xbffbf238,10255,1
0,0xbffbf238,10253,10252
1,0xbffbf238,10253,10252
2,0xbffbf238,10257,1
3,0xbffbf238,10260,1
0,0xbffbf238,10253,10252
1,0xbffbf238,10255,1
2,0xbffbf238,10255,1
3,0xbffbf238,10262,1
0,0xbffbf238,10252,7432
1,0xbffbf238,10252,7432
2,0xbffbf238,10256,1
3,0xbffbf238,10256,1
0,0xbffbf238,10253,10252
1,0xbffbf238,10255,1
2,0xbffbf238,10261,1
3,0xbffbf238,10261,1
0,0xbffbf238,10252,7432
1,0xbffbf238,10254,1
2,0xbffbf238,10254,1
3,0xbffbf238,10254,1
0,0xbffbf238,10252,7432
1,0xbffbf238,10252,7432
2,0xbffbf238,10256,1
3,0xbffbf238,10263,1
0,0xbffbf238,10253,10252
1,0xbffbf238,10255,1
2,0xbffbf238,10261,1
3,0xbffbf238,10264,1
0,0xbffbf238,10252,7432
1,0xbffbf238,10254,1
2,0xbffbf238,10254,1
3,0xbffbf238,10266,1
0,0xbffbf238,10252,7432
1,0xbffbf238,10254,1
2,0xbffbf238,10265,1
3,0xbffbf238,10265,1
0,0xbffbf238,10252,7432
1,0xbffbf238,10254,1
2,0xbffbf238,10265,1
3,0xbffbf238,10267,10265
